referencenumber = 92
 
referencemeans = {0.4482170607304345, 2.400250380694565, 0.4930671052239132, 
    42.58062076960219, 0.4986992600739132, 0.45117925248478274, 
    0.044264043413043484, 0.7305628342608695, 0.000774191319565217, 
    64.13489356619351, 0.008767105185869565, 0.0037158241739130415, 
    0.000026964477173912984, -0.011316868276086954, -0.000018477018478260866, 
    -501.28081248379897, -0.0007538272478260867, -0.0002038449054347826, 
    0.004999678297826088, 1.631482850180435, 3.436822826086958*^-6, 
    17726.989374917135, 0.00031061403804347827, 0.00006559199565217394}
 
referencecovariance = {{0.01811881623775376, -0.07295095064541948, 
    0.017434181508531665, 1.7212875426467833, 0.016657896341599747, 
    0.016078161844338447, -0.0004431154563436835, -0.037165815908247114, 
    -0.000019744368980020148, 2.18529761917497, 0.00021453172334871587, 
    0.0002581318260541077, -0.0004509705920827476, 0.02365137189903498, 
    -3.1657864333519354*^-7, -50.044985199694246, -0.00006595676933592222, 
    -0.00003546999750332327, -0.00003884133386518727, -0.127110233474347, 
    -1.0257390757836132*^-8, 1565.2915763186807, 0.000022238487018315714, 
    0.000010360108079070723}, {-0.07295095064541948, 0.3107024260852322, 
    -0.0711244396747116, -6.930340311548198, -0.06687119650461458, 
    -0.06390043117868846, 0.0007192868772316595, 0.15565747629985993, 
    0.0000449079843594021, -10.438877991152006, -0.0010788194934522664, 
    -0.0010709175707389635, 0.0019312772749465856, -0.11445536116874654, 
    2.30652103583232*^-6, 203.64802259551146, 0.0002732641644613456, 
    0.00013011892555063137, 0.000025398319725188704, 0.5835261774011417, 
    -1.6009347132833198*^-7, -6480.410506443127, -0.00009452346777110456, 
    -0.000038428247662575884}, {0.017434181508531665, -0.0711244396747116, 
    0.01690266000619939, 1.6562472433686608, 0.01598622035547614, 
    0.015406110374560716, -0.0003232168235934686, -0.03551377107286239, 
    -0.000012023160118645463, 2.357722600106237, 0.00023952150508411215, 
    0.00025619853522440637, -0.00044285089622593933, 0.02446357433465179, 
    -5.472550654454485*^-7, -50.165424164888414, -0.00006675949518056646, 
    -0.000033838801626275, -0.000022596538823375006, -0.12451643616104104, 
    4.115319009170989*^-8, 1588.7787222441543, 0.000022942127227352228, 
    9.903842640598451*^-6}, {1.7212875426467833, -6.930340311548198, 
    1.6562472433686608, 163.52231655716125, 1.5825001525049676, 
    1.527425375265954, -0.04209596835474485, -3.5307525113981355, 
    -0.001875715053220735, 207.60327382815336, 0.020380513718631147, 
    0.024522523476103026, -0.042842206248734506, 2.2468803304826572, 
    -0.00003007497110729064, -4754.273594097227, -0.006265893087042252, 
    -0.003369649762980051, -0.003689926717497633, -12.075472180441256, 
    -9.744521232867723*^-7, 148702.69975422457, 0.00211265626677775, 
    0.0009842102675622463}, {0.016657896341599747, -0.06687119650461458, 
    0.01598622035547614, 1.5825001525049676, 0.015415146549725369, 
    0.014759140951604887, -0.00046706252488666286, -0.03416752738586607, 
    -0.000023224033617602605, 1.993246920641356, 0.00019926258095524085, 
    0.000238958212511864, -0.0004202804906255875, 0.02221534143488799, 
    -1.9753186580295424*^-7, -46.33172222361234, -0.00006158060814464122, 
    -0.000032745512147550164, -0.000046484769908160396, -0.11587561639357709, 
    -4.2443397051400734*^-8, 1449.2552297085465, 0.000020882630038779995, 
    9.584503232421154*^-6}, {0.016078161844338447, -0.06390043117868846, 
    0.015406110374560716, 1.527425375265954, 0.014759140951604887, 
    0.01436639227401905, -0.0004420834769694762, -0.03294852494401158, 
    -0.00001853732084193933, 1.750758187765534, 0.00016434017182093112, 
    0.00022155919358748548, -0.0003850981934150201, 0.019238401197198107, 
    -1.8541797527469034*^-7, -43.069114536194924, -0.00005606699573963472, 
    -0.00003209235538303849, -0.00003971123618381059, -0.11038011929155322, 
    -1.8500560599667877*^-8, 1331.9024196917446, 0.000018536578749304086, 
    9.310537293843725*^-6}, {-0.0004431154563436835, 0.0007192868772316595, 
    -0.0003232168235934686, -0.04209596835474485, -0.00046706252488666286, 
    -0.0004420834769694762, 0.00012400334550875588, 0.0007928335141980166, 
    7.033222364448316*^-6, 0.12163676010868542, 0.000015698603232725664, 
    -2.585904638576415*^-6, 1.5209362318492648*^-6, 0.0005732623196233566, 
    -1.988345878617704*^-7, 0.20093094989030946, 3.286876752244146*^-8, 
    1.479298171493457*^-6, 0.00001774268881433225, -0.0006895757703341677, 
    4.646737415229839*^-8, 5.94883466981831, 2.0522870259382012*^-7, 
    -4.214143966061656*^-7}, {-0.037165815908247114, 0.15565747629985993, 
    -0.03551377107286239, -3.5307525113981355, -0.03416752738586607, 
    -0.03294852494401158, 0.0007928335141980166, 0.08381423297161304, 
    0.0000603181252347044, -3.744790261948797, -0.0003344090162891098, 
    -0.0004893881178435052, 0.0009380789473975795, -0.04709729063086802, 
    -3.3970958651872493*^-7, 88.57760138721402, 0.00011380319173757213, 
    0.00006557167129582523, 0.00007293752860365721, 0.30400696833086394, 
    2.0216142197944497*^-7, -2704.5933805335176, -0.000036492418540259114, 
    -0.00001928950999512703}, {-0.000019744368980020148, 
    0.0000449079843594021, -0.000012023160118645463, -0.001875715053220735, 
    -0.000023224033617602605, -0.00001853732084193933, 7.033222364448316*^-6, 
    0.0000603181252347044, 7.975754092394894*^-7, 0.010105924541148304, 
    1.2533873539760432*^-6, -4.544163487495374*^-8, 4.483546358774703*^-7, 
    0.00001065140056962324, -2.3648982697097683*^-8, -0.025072418639310017, 
    -3.8020798444628765*^-8, 4.9855328038047295*^-8, 1.092576045914596*^-6, 
    0.00005579940377134002, 5.803335663676728*^-9, 1.5168052089375874, 
    2.5541196935174583*^-8, -1.6844971676389597*^-8}, {2.18529761917497, 
    -10.438877991152006, 2.357722600106237, 207.60327382815336, 
    1.993246920641356, 1.750758187765534, 0.12163676010868542, 
    -3.744790261948797, 0.010105924541148304, 985.3646045534883, 
    0.12156375716068442, 0.05927450044356725, -0.08876227685655988, 
    7.1298519455816285, -0.0007186497534034619, -13779.885505585182, 
    -0.020334583214965972, -0.00455254824800154, 0.02017900459172783, 
    -17.600693131996724, 0.00010776151572496409, 491555.0455294503, 
    0.008239320760985793, 0.0013979890406611189}, {0.00021453172334871587, 
    -0.0010788194934522664, 0.00023952150508411215, 0.020380513718631147, 
    0.00019926258095524085, 0.00016434017182093112, 0.000015698603232725664, 
    -0.0003344090162891098, 1.2533873539760432*^-6, 0.12156375716068442, 
    0.00001548465735713589, 6.816617494267722*^-6, -9.899846733756772*^-6, 
    0.0008899480447481951, -8.968559966644444*^-8, -1.603465955406781, 
    -2.4318927267399252*^-6, -4.488620892405115*^-7, 2.361498042364736*^-6, 
    -0.0017677667336869437, 1.2982367170003261*^-8, 58.15913392848828, 
    1.0105436305711221*^-6, 1.4106030949393194*^-7}, {0.0002581318260541077, 
    -0.0010709175707389635, 0.00025619853522440637, 0.024522523476103026, 
    0.000238958212511864, 0.00022155919358748548, -2.585904638576415*^-6, 
    -0.0004893881178435052, -4.544163487495374*^-8, 0.05927450044356725, 
    6.816617494267722*^-6, 5.071586683833149*^-6, -7.91020161344382*^-6, 
    0.0004896990798905512, -2.455870026863341*^-8, -1.0926759946641507, 
    -1.534375521442363*^-6, -5.698740831934304*^-7, 5.3523520628669676*^-9, 
    -0.0017264203934846338, 2.4702931583197255*^-9, 36.7968940359485, 
    5.774415753517213*^-7, 1.708772239782083*^-7}, {-0.0004509705920827476, 
    0.0019312772749465856, -0.00044285089622593933, -0.042842206248734506, 
    -0.0004202804906255875, -0.0003850981934150201, 1.5209362318492648*^-6, 
    0.0009380789473975795, 4.483546358774703*^-7, -0.08876227685655988, 
    -9.899846733756772*^-6, -7.91020161344382*^-6, 0.000015954439841518476, 
    -0.0008395159757398486, 3.5666376120899015*^-8, 1.7202956835677992, 
    2.3959661667341462*^-6, 8.564882211459929*^-7, -4.396932003003973*^-7, 
    0.0034615916289943024, -1.4461321840467614*^-9, -56.79618162950145, 
    -8.766073810189137*^-7, -2.565723464576473*^-7}, {0.02365137189903498, 
    -0.11445536116874654, 0.02446357433465179, 2.2468803304826572, 
    0.02221534143488799, 0.019238401197198107, 0.0005732623196233566, 
    -0.04709729063086802, 0.00001065140056962324, 7.1298519455816285, 
    0.0008899480447481951, 0.0004896990798905512, -0.0008395159757398486, 
    0.07497126068779274, -2.965958961759922*^-6, -99.53083995953756, 
    -0.00015039166096516985, -0.00003739312690630021, 0.00007053942495846849, 
    -0.2156770299147257, 2.738798322979085*^-7, 3447.1192996019236, 
    0.000059737976742931884, 0.000011727895289626133}, 
    {-3.1657864333519354*^-7, 2.30652103583232*^-6, -5.472550654454485*^-7, 
    -0.00003007497110729064, -1.9753186580295424*^-7, 
    -1.8541797527469034*^-7, -1.988345878617704*^-7, -3.3970958651872493*^-7, 
    -2.3648982697097683*^-8, -0.0007186497534034619, -8.968559966644444*^-8, 
    -2.455870026863341*^-8, 3.5666376120899015*^-8, -2.965958961759922*^-6, 
    1.57061722411868*^-9, 0.007931737588448262, 1.1724853740860962*^-8, 
    7.810629111406602*^-10, -3.232756463694515*^-8, 2.9627159172814657*^-6, 
    -2.355608584670782*^-10, -0.3020285827114672, -5.083406776459732*^-9, 
    -1.4960237543627595*^-10}, {-50.044985199694246, 203.64802259551146, 
    -50.165424164888414, -4754.273594097227, -46.33172222361234, 
    -43.069114536194924, 0.20093094989030946, 88.57760138721402, 
    -0.025072418639310017, -13779.885505585182, -1.603465955406781, 
    -1.0926759946641507, 1.7202956835677992, -99.53083995953756, 
    0.007931737588448262, 300710.6821888872, 0.4267232019363415, 
    0.14438102184962093, -0.09727089421339964, 295.6774649535038, 
    -0.0009131844520124569, -1.0185537062321687*^7, -0.16187174545790392, 
    -0.041607793653297274}, {-0.00006595676933592222, 0.0002732641644613456, 
    -0.00006675949518056646, -0.006265893087042252, -0.00006158060814464122, 
    -0.00005606699573963472, 3.286876752244146*^-8, 0.00011380319173757213, 
    -3.8020798444628765*^-8, -0.020334583214965972, -2.4318927267399252*^-6, 
    -1.534375521442363*^-6, 2.3959661667341462*^-6, -0.00015039166096516985, 
    1.1724853740860962*^-8, 0.4267232019363415, 6.166117928710704*^-7, 
    1.914342911484822*^-7, -1.461477635247986*^-7, 0.0003872249356037022, 
    -1.2922337858152126*^-9, -14.54610841216677, -2.3702738337408618*^-7, 
    -5.527134939966944*^-8}, {-0.00003546999750332327, 
    0.00013011892555063137, -0.000033838801626275, -0.003369649762980051, 
    -0.000032745512147550164, -0.00003209235538303849, 1.479298171493457*^-6, 
    0.00006557167129582523, 4.9855328038047295*^-8, -0.00455254824800154, 
    -4.488620892405115*^-7, -5.698740831934304*^-7, 8.564882211459929*^-7, 
    -0.00003739312690630021, 7.810629111406602*^-10, 0.14438102184962093, 
    1.914342911484822*^-7, 1.0415445523075502*^-7, 1.293287331824387*^-7, 
    0.00018558950748503674, 3.320196820512408*^-11, -4.61754756343899, 
    -6.653763277916209*^-8, -2.9712582656050683*^-8}, 
    {-0.00003884133386518727, 0.000025398319725188704, 
    -0.000022596538823375006, -0.003689926717497633, 
    -0.000046484769908160396, -0.00003971123618381059, 
    0.00001774268881433225, 0.00007293752860365721, 1.092576045914596*^-6, 
    0.02017900459172783, 2.361498042364736*^-6, 5.3523520628669676*^-9, 
    -4.396932003003973*^-7, 0.00007053942495846849, -3.232756463694515*^-8, 
    -0.09727089421339964, -1.461477635247986*^-7, 1.293287331824387*^-7, 
    2.766851810622174*^-6, -0.00016979255857922524, 7.683285400926027*^-9, 
    4.910909360146077, 7.880970927910225*^-8, -3.817489790094872*^-8}, 
    {-0.127110233474347, 0.5835261774011417, -0.12451643616104104, 
    -12.075472180441256, -0.11587561639357709, -0.11038011929155322, 
    -0.0006895757703341677, 0.30400696833086394, 0.00005579940377134002, 
    -17.600693131996724, -0.0017677667336869437, -0.0017264203934846338, 
    0.0034615916289943024, -0.2156770299147257, 2.9627159172814657*^-6, 
    295.6774649535038, 0.0003872249356037022, 0.00018558950748503674, 
    -0.00016979255857922524, 1.2783698834690618, -2.117685338566222*^-7, 
    -9337.94242203983, -0.00013000541109010037, -0.000055828406562894524}, 
    {-1.0257390757836132*^-8, -1.6009347132833198*^-7, 4.115319009170989*^-8, 
    -9.744521232867723*^-7, -4.2443397051400734*^-8, -1.8500560599667877*^-8, 
    4.646737415229839*^-8, 2.0216142197944497*^-7, 5.803335663676728*^-9, 
    0.00010776151572496409, 1.2982367170003261*^-8, 2.4702931583197255*^-9, 
    -1.4461321840467614*^-9, 2.738798322979085*^-7, -2.355608584670782*^-10, 
    -0.0009131844520124569, -1.2922337858152126*^-9, 3.320196820512408*^-11, 
    7.683285400926027*^-9, -2.117685338566222*^-7, 4.95501227767616*^-11, 
    0.036323505243657475, 5.791094994771748*^-10, -2.8135998357618137*^-11}, 
    {1565.2915763186807, -6480.410506443127, 1588.7787222441543, 
    148702.69975422457, 1449.2552297085465, 1331.9024196917446, 
    5.94883466981831, -2704.5933805335176, 1.5168052089375874, 
    491555.0455294503, 58.15913392848828, 36.7968940359485, 
    -56.79618162950145, 3447.1192996019236, -0.3020285827114672, 
    -1.0185537062321687*^7, -14.54610841216677, -4.61754756343899, 
    4.910909360146077, -9337.94242203983, 0.036323505243657475, 
    3.5228427837444973*^8, 5.654131702716589, 1.3496351346745261}, 
    {0.000022238487018315714, -0.00009452346777110456, 
    0.000022942127227352228, 0.00211265626677775, 0.000020882630038779995, 
    0.000018536578749304086, 2.0522870259382012*^-7, 
    -0.000036492418540259114, 2.5541196935174583*^-8, 0.008239320760985793, 
    1.0105436305711221*^-6, 5.774415753517213*^-7, -8.766073810189137*^-7, 
    0.000059737976742931884, -5.083406776459732*^-9, -0.16187174545790392, 
    -2.3702738337408618*^-7, -6.653763277916209*^-8, 7.880970927910225*^-8, 
    -0.00013000541109010037, 5.791094994771748*^-10, 5.654131702716589, 
    9.389991146985825*^-8, 1.9548986820319398*^-8}, {0.000010360108079070723, 
    -0.000038428247662575884, 9.903842640598451*^-6, 0.0009842102675622463, 
    9.584503232421154*^-6, 9.310537293843725*^-6, -4.214143966061656*^-7, 
    -0.00001928950999512703, -1.6844971676389597*^-8, 0.0013979890406611189, 
    1.4106030949393194*^-7, 1.708772239782083*^-7, -2.565723464576473*^-7, 
    0.000011727895289626133, -1.4960237543627595*^-10, -0.041607793653297274, 
    -5.527134939966944*^-8, -2.9712582656050683*^-8, -3.817489790094872*^-8, 
    -0.000055828406562894524, -2.8135998357618137*^-11, 1.3496351346745261, 
    1.9548986820319398*^-8, 8.640010438422367*^-9}}
